1 109.98334166468281 [5]
2 119.86693307950613 [5]
3 129.55202066613396 [6]
4 138.94183423086506 [6]
5 147.9425538604203 [7]
6 156.46424733950354 [7]
7 164.4217687237691 [8]
8 171.73560908995228 [8]
9 178.33269096274836 [9]
10 184.14709848078965 [9]
11 189.12073600614355 [10]
12 193.20390859672264 [10]
13 196.35581854171932 [11]
14 198.54497299884602 [11]
15 199.74949866040544 [11]
16 199.9573603041505 [12]
17 199.16648104524685 [12]
18 197.38476308781952 [12]
19 194.63000876874145 [13]
20 190.9297426825682 [13]
21 186.32093666488737 [13]
22 180.849640381959 [13]
23 174.57052121767202 [14]
24 167.54631805511508 [14]
25 159.84721441039565 [14]
26 151.55013718214641 [14]
27 142.73798802338297 [14]
28 133.49881501559048 [14]
29 123.9249329213982 [14]
30 114.11200080598672 [14]
31 104.15806624332905 [14]
32 94.16258565724199 [14]
33 84.22543058567513 [14]
34 74.44588979731684 [14]
35 64.92167723103802 [14]
36 55.747955670514756 [14]
37 47.01638590915066 [14]
38 38.814210905728075 [14]
39 31.22338408160259 [14]
40 24.31975046920718 [14]
41 18.172288893558914 [13]
42 12.842422758641177 [13]
43 8.383406325054509 [13]
44 4.839792611048395 [13]
45 2.246988233490299 [12]
46 0.6308996366535524 [12]
47 0.007674243589917751 [12]
48 0.38353911641594607 [11]
49 1.754738737566754 [11]
50 4.107572533686152 [10]
51 7.418531767226781 [10]
52 11.654534427984686 [10]
53 16.77325577760992 [9]
54 22.72355124440128 [9]
55 29.445967442960807 [8]
56 36.87333621276792 [8]
57 44.93144574023624 [7]
58 53.53978205862434 [7]
59 62.6123335169764 [6]
60 72.05845018010741 [6]
61 81.7837495727905 [5]
62 91.69105971825036 [5]
63 101.68139004843506 [5]
64 111.65492048504936 [5]
65 121.51199880878156 [6]
66 131.15413635133785 [6]
67 140.48499206165982 [7]
68 149.4113351138609 [7]
69 157.84397643882 [8]
70 165.6986598718789 [8]
71 172.89690401258764 [8]
72 179.36678638491532 [9]
73 185.04366206285647 [9]
74 189.8708095811627 [10]
75 193.7999976774739 [10]
76 196.79196720314866 [11]
77 198.81682338770003 [11]
78 199.8543345374605 [11]
79 199.8941341839772 [12]
80 198.93582466233818 [12]
81 196.98898108450862 [12]
82 194.07305566797726 [13]
83 190.21718337562933 [13]
84 185.45989080882805 [13]
85 179.848711262349 [13]
86 173.43970978741135 [14]
87 166.2969230082182 [14]
88 158.49171928917616 [14]
89 150.10208564578846 [14]
90 141.21184852417565 [14]
91 131.9098362349352 [14]
92 122.2889914100246 [14]
93 112.44544235070617 [14]
94 102.47754254533578 [14]
95 92.48488795381907 [14]
96 82.56732187770186 [14]
97 72.82393735890558 [14]
98 63.35208707480716 [14]
99 54.24641062246786 [14]
100 45.59788891106302 [14]
101 37.492935110711656 [14]
102 30.01253124064563 [14]
103 23.23141902364175 [14]
104 17.21735309143463 [13]
105 12.030424002833001 [13]
106 7.722457838719265 [13]
107 4.336498372981154 [13]
108 1.9063769933508468 [12]
109 0.4563746693622619 [12]
110 0.000979344929646686 [12]
111 0.5447411796010897 [11]
112 2.0822270848683075 [11]
113 4.598075009791103 [10]
114 8.067147433532426 [10]
115 12.45478253115715 [10]
116 17.717140503129215 [9]
117 23.801641608096787 [9]
118 30.647491522287766 [8]
119 38.18628877629667 [8]
120 46.342708199956505 [7]
121 55.03525354654001 [7]
122 64.17707177631729 [6]
123 73.6768208634199 [6]
124 83.43958245516906 [5]
125 93.36781026487994 [5]
126 103.36230472211385 [5]
127 113.3232041419944 [5]
128 123.1509825101539 [6]
129 132.7474439137693 [6]
130 142.0167036826641 [7]
131 150.86614643723752 [7]
132 159.20735147072244 [8]
133 166.95697621966025 [8]
134 174.03758899524485 [9]
135 180.3784426551621 [9]
136 185.91618148564967 [9]
137 190.59547423084626 [10]
138 194.36956694441048 [10]
139 197.2007501394976 [11]
140 199.06073556948704 [11]
141 199.93093887479176 [11]
142 199.80266527163616 [12]
143 198.67719642746135 [12]
144 196.56577765492773 [12]
145 193.4895055524683 [13]
146 189.47911721405035 [13]
147 184.57468311429335 [13]
148 178.82520673753163 [13]
149 172.2881349511976 [14]
150 165.02878401571166 [14]
151 157.1196869659987 [14]
152 148.63986888537983 [14]
153 139.6740573130612 [14]
154 130.31183567457023 [14]
155 120.64674819377966 [14]
156 110.77536522994423 [14]
157 100.79631837859355 [14]
158 90.80931497723184 [14]
159 80.91414186258106 [14]
160 71.20966833349347 [14]
161 61.79285828159909 [14]
162 52.75780136015339 [14]
163 44.194772871322066 [14]
164 36.18933176520498 [14]
165 28.8214657630877 [14]
166 22.16479214657015 [14]
167 16.28582219802533 [13]
168 11.24329664184954 [13]
169 7.08759872656303 [13]
170 3.8602508120443133 [12]
171 1.593499491835658 [12]
172 0.30999339584039376 [12]
173 0.022556892698887054 [11]
174 0.7340619529367274 [11]
175 2.4373994531842413 [11]
176 5.115550208187599 [10]
177 8.741755020881541 [10]
178 13.27978205144187 [10]
179 18.684288833851355 [9]
180 24.90127532283239 [9]
181 31.86862344445001 [8]
182 39.51671775937159 [8]
183 47.76914103732685 [7]
184 56.54343779281065 [7]
185 65.75193815303875 [6]
186 75.30263382633791 [6]
187 85.10009741858012 [5]
188 95.04643591216326 [5]
189 105.04226878068148 [5]
190 114.98772096629523 [5]
191 124.78342079829598 [6]
192 134.33149288198987 [6]
193 143.53653603728932 [7]
194 152.30657651576993 [7]
195 160.55398697196011 [8]
196 168.19636200681356 [8]
197 175.15734153521507 [9]
198 181.36737375071056 [9]
199 186.7644100641669 [10]
200 191.29452507276278 [10]
