1 24.8983
2 16.7306
3 13.42583333333335
4 11.413775
5 10.173000000000032
6 9.269816666666694
7 8.367085714285732
8 7.939475
9 7.456422222222235
10 6.92690999999997
11 6.58831818181821
12 6.274625000000018
13 6.035415384615342
14 5.759428571428562
15 5.51305999999996
16 5.33428125
17 5.0549352941176515
18 4.987411111111109
19 4.849436842105273
20 4.649484999999996
21 4.541180952380943
22 4.350513636363625
23 4.2349086956522015
24 4.125441666666655
25 4.0162960000000085
26 3.928707692307667
27 3.827159259259259
28 3.738439285714272
29 3.5624344827586305
30 3.5251866666666576
31 3.4497677419354784
32 3.419134375
33 3.2925636363636404
34 3.211688235294132
35 3.1554885714285805
36 3.1281499999999975
37 3.028429729729716
38 2.9417763157894727
39 2.935099999999996
40 2.8321574999999957
41 2.8303585365853645
42 2.7411452380952266
43 2.71973255813953
44 2.5997568181818234
45 2.5962222222222158
46 2.5037565217391404
47 2.4181936170212697
48 2.4452895833333366
49 2.3420183673469315
50 2.314280000000002
51 2.2639745098039255
52 2.2533846153846118
53 2.1798830188679363
54 2.1261888888888896
55 2.081076363636351
56 2.0294464285714398
57 1.9881929824561413
58 1.9555931034482692
59 1.9442423728813598
60 1.907908333333321
61 1.8569852459016427
62 1.8251370967741913
63 1.7736936507936356
64 1.7250515625
65 1.6972538461538498
66 1.6730363636363677
67 1.6299955223880782
68 1.5576808823529416
69 1.5756695652173887
70 1.503475714285712
71 1.4688380281690097
72 1.4515499999999975
73 1.4043369863013646
74 1.3691216216216155
75 1.3402800000000081
76 1.301903947368417
77 1.2798389610389578
78 1.218029487179485
79 1.1933303797468533
80 1.165454999999999
81 1.12006913580247
82 1.087637804878058
83 1.045956626506033
84 1.004902380952381
85 0.9688870588235439
86 0.9315209302325624
87 0.8908195402298906
88 0.8614181818181837
89 0.8244943820224702
90 0.7688766666666673
91 0.7326604395604362
92 0.6857152173913023
93 0.6389774193548612
94 0.5955031914893597
95 0.540111578947371
96 0.4746770833333342
97 0.416424742268042
98 0.34142959183674015
99 0.25170202020202165
100 0.0
